2
3
9
11
12
13
14
19
20
21
22
23
26
27
29
30
31
38
56
57
59
60
61
68
69
70
71
72
73
74
75
85
86
93
94
105
116
117
118
126
129
130
131
132
133
134
135
137
138
139
140
141
142
143
144
145
146
147
149
150
154
169
170
171
172
173
174
175
176
177
178
179
180
181
182
183
184
192
195
209
210
214
225
236
254
255
259
260
275
276
307
308
310
309
311
312
313
314
315
316
317
318
319
320
321
330
362
364
365
366
369
370
391
392
408
409
412
413
414
415
416
417
418
419
420
421
424
480
501
502
520
521
522
526
257
528
540
547
548
549
575
577
586
587
593
594
595
604
605
606
607
608
609
610
619
620
621
622
623
624
625
631
632
633
634
635
699
700
701
702
703
704
705
706
717
718
719
720
721
722
751
752
762
763
766
883
911
947
965
967
1006
1104
1105
1106
1124
1125
1126
1127
1175
1176
1177
1184
1191
1198
1225
1291
1329
1330
1332
1508
2503
2504
880
331